35,52
0,10000,CHANNEL_LEFT,1000,0,0,0,0,0
1,20000,CHANNEL_RIGHT,1000,0,0,0,0,0
4,22500,PLAY,0,0,0,0,0,0
5,1000,ZOOM,0.5,0,0,0,0,0
6,10000,ZOOM,1,0,0,0,0,0
7,70000,TEXT,500,500,[FFFF64]테스트 ABCD 1234[-],#000000FF,5000,0
8,80000,TEXT,0,0,테스트 ABCD 1234,#000000FF,5000,0
9,90000,CAMERA_SHAKE,3,2,0,0,0,0
10,100000,EFFECT,500,600,0,0,0,0
11,101000,EFFECT,600,600,0,0,0,0
12,102000,EFFECT,700,600,0,0,0,0
13,110000,LOOKAT,1000,700,0,0,0,0
14,110000,ZOOM,0.5,0,0,0,0,0
15,120000,DEFAULT,0,0,0,0,0,0
20,2000,PLAYER_INFO_ON,0,1,0,0,0,0
21,7000,PLAYER_INFO_OFF,0,0,0,0,0,0
22,8000,SET_GAME_INFO,0,1,1|0|0,0,1,0
23,9000,ROUND_START,1,0,0,0,0,0
24,9100,SET_SCORE,0,-10,0,0,0,0
25,9200,SET_SCORE,1,-5,0,0,0,0
26,9300,SET_SCORE,0,-15,0,0,0,0
27,9400,SET_SCORE,0,-12,0,0,0,0
28,9500,SET_SCORE,1,-1,0,0,0,0
29,9600,SET_SCORE,1,-2,0,0,0,0
30,9700,SET_SCORE,1,-3,0,0,0,0
31,9800,SET_SCORE,1,-4,0,0,0,0
32,9900,SET_SCORE,1,-5,0,0,0,0
33,10000,SET_SCORE,1,-6,0,0,0,0
34,11000,ROUND_PAUSE,0,0,0,0,0,0
35,16000,ROUND_RESTART,0,0,0,0,0,0
36,17000,PENALTY_START,0,0,0,0,0,0
37,17000,PENALTY_START,1,0,0,0,0,0
38,18000,ROUND_RESULT,0,0,0,0,0,0
39,21000,ROUND_RESULT,1,0,0,0,0,0
40,24000,ROUND_START,2,0,0,0,0,0
